0 1
1 1
2 1
3 6
1233473 1233473
46337 2144430863
2144430862 2144430863
12 479001600
12 43545600
12 6220800
12 467775
12 248832
12 42525
12 1925
12 1215
12 1024
12 243
12 77
12 25
12 11
12 7
12 2048
12 729
12 125
12 121
12 49
1 2
2 3
0 2
0 1233473
1233472 1233473
94764610 284293833
94764612 284293833
11 479001600
21471 2147483647
7 32
8 128
8 256
0 0
1 0
2 0
10 0
2147483647 0
0 1
1 1
2 1
10 1
2147483647 1
10 2
2147483647 2
10 3
5 5
6 9
0 10
6 18
6 27
1009 1000
1000 1009
20 10000
20 100000
1073741824 1000000
43213 93390991
123456789 123456871
123456789 123456873
123456789 123456790
123456789 124880621
123456789 124925329
43213 906190609
1073741824 1073741824
2147483647 1073741824
0 2147483647
1 2147483647
2 2147483647
1073741824 2147483647
2147483647 2147483647