0.7071
No solution
0.7554
0.3886
No solution
0.4612
0.7426
0.7583
0.3738
0.6040
0.7247
No solution
0.6398
0.9741
No solution
0.5570
0.6031
0.9188
0.9081
0.8645
0.4017
0.9960
0.8753
0.7591
0.6475
No solution
0.8912
0.9832
No solution
0.7932
0.3166
0.8622
0.5143
0.5612
0.6823
0.9570
0.5434
No solution
0.8119
No solution
0.6950
0.5649
No solution
0.3857
0.7110
0.4961
0.9598
0.8016
0.9038
0.8838
0.8371
0.9955
0.5207
0.8461
0.7230
0.8133
0.8474
0.5788
0.7274
0.9162
0.7719
0.8305
0.8843
0.9158
0.7619
0.8809
0.9796
0.7440
0.6434
0.5656
0.7246
0.9792
No solution
0.8789
0.9950
0.3025
0.8366
0.3923
0.5150
0.7688
No solution
0.6009
0.5920
No solution
0.5097
0.4470
0.6828
No solution
0.6715
0.4033
No solution
0.7258
0.9610
0.7300
0.4725
0.7837
0.6674
0.7252
No solution
No solution
0.2741
0.8042
0.8035
0.8125
No solution
0.9295
0.9593
0.7784
0.6358
0.4470
0.3592
0.6644
0.5347
0.7735
0.7005
0.9810
0.9445
0.8587
0.4647
0.8553
0.8273
0.7803
0.5628
0.7150
0.9335
0.6371
0.6160
No solution
0.8634
0.5538
0.8678
0.7240
No solution
0.7141
0.8386
0.7712
No solution
0.3886
0.9916
No solution
0.7140
0.7065
0.5116
0.4077
0.8866
0.7480
0.4917
0.5989
0.8369
No solution
0.6730
0.8099
No solution
0.6380
No solution
0.9462
0.8946
No solution
0.7807
No solution
0.9613
0.8565
0.8750
No solution
0.3984
0.7121
0.6641
No solution
0.9295
0.5245
0.4034
0.5854
No solution
0.7466
0.9365
0.8283
0.7025
No solution
0.8281
0.4879
0.7934
0.8882
0.6901
0.6744
0.8206
0.5707
0.6768
0.9389
0.8303
No solution
0.6248
0.4756
0.7016
0.3401
No solution
0.9425
0.7543
0.5017
0.4075
0.7289
0.8056
0.8747
0.6909
0.6250
0.5457
0.7662
No solution
0.5106
0.5193
0.4346
0.7872
0.9180
0.8225
0.5962
0.4659
0.5129
0.3233
0.6666
No solution
0.9689
0.5773
0.7822
0.5901
No solution
0.5835
0.6125
0.3808
0.5769
0.6632
No solution
0.4848
0.5688
0.8492
No solution
0.5556
0.9277
No solution
0.5022
0.3742
0.2606
0.4600
0.9232
0.5125
0.5728
0.7744
0.6039
0.7678
0.9124
0.7173
0.7525
0.8672
No solution
0.4506
0.4384
0.7978
0.8329
0.4053
0.4550
0.3758
0.5066
0.7653
0.7806
0.6783
0.8804
0.5750
0.4556
0.4963
0.4152
0.6143
0.6202
0.8252
No solution
0.7426
0.4011
0.6084
0.6243
0.6752
0.4735
0.6278
0.6238
0.8552
0.6014
0.7752
No solution
No solution
No solution
0.8759
0.7223
0.7323
0.7089
No solution
0.7331
0.7717
0.6439
No solution
0.7375
0.5036
No solution
0.8655
No solution
0.8846
0.8366
No solution
0.7706
0.8748
0.8073
0.6026
0.7530
0.8036
0.7237
0.2941
0.5521
0.7748
0.9503
0.8385
No solution
0.9073
No solution
0.4584
0.2929
0.7969
0.5544
No solution
0.4121
0.5605
0.8146
No solution
0.7300
0.7751
0.9723
0.9650
0.9911
No solution
No solution
0.5999
0.8506
0.7557
No solution
0.6096
0.7674
0.7421
0.8956
0.5561
No solution
0.5956
0.5685
No solution
0.8686
0.5983
0.5381
0.9476
0.8982
0.7321
0.9343
0.3905
0.7601
No solution
0.7794
No solution
0.4160
0.7398
0.5709
0.5676
0.8554
0.8638
0.4251
0.9845
0.6701
0.8028
0.8986
No solution
0.7842
0.4639
0.9796
0.9558
0.8388
0.9383
0.7816
0.5091
0.9372
0.7640
0.6237
No solution
No solution
No solution
0.9963
0.6091
0.7415
No solution
0.6719
0.8033
0.6720
0.5785
0.6962
0.2089
0.9342
0.9291
0.4940
0.7850
No solution
0.8458
0.9016
0.6692
No solution
0.8394
No solution
0.5278
0.5415
0.2622
0.6932
0.4138
No solution
0.5030
0.4011
0.4735
0.7930
No solution
0.4179
No solution
0.8804
0.8741
No solution
0.6475
0.3518
0.7152
0.5916
No solution
0.9103
0.6633
0.6629
0.7669
0.5181
0.6573
No solution
0.7804
0.7861
0.4777
0.9829
0.5047
0.7249
0.7433
0.8641
No solution
0.6357
0.7750
0.6700
No solution
0.6338
0.7778
0.6974
0.7963
0.9229
0.4692
0.8402
0.7350
0.7152
0.5864
0.2205
0.8033
0.7349
0.7316
0.8644
0.6782
0.7091
0.7945
0.8880
0.6470
0.6309
0.7361
0.7328
0.7153
0.4621
0.6812
0.4547
0.7486
0.4351
0.6253
No solution
0.5502
0.6881
0.9515
0.5368
0.5574
0.8260
0.5561
0.8207
No solution
0.9298
0.4297
0.6680
No solution
0.7228
0.7564
0.7144
No solution
0.5256
0.6761
0.8004
0.8392
No solution
0.6386
0.6425
0.8201
0.6763
0.6054
0.5088
0.8297
No solution
No solution
0.8368
0.8834
0.5833
0.5911
0.9790
No solution
0.8416
0.8643
No solution
0.6667
0.5389
0.1679
0.9978
No solution
0.9146
0.5771
0.6009
0.8429
0.5729
0.3026
0.7443
0.9221
0.6175
0.5333
0.8347
No solution
No solution
No solution
0.5061
0.6105
0.9827
0.7018
0.3941
No solution
0.5078
No solution
0.7400
0.6460
0.8522
No solution
0.7923
0.9605
0.7425
0.6281
0.5457
0.5851
No solution
0.3554
0.4541
0.7054
0.6452
0.7382
0.7102
0.7314
0.7859
0.7160
0.4784
0.3239
0.5156
0.5407
0.6556
0.6309
0.8112
0.5863
No solution
0.6965
0.8116
0.6725
0.6858
0.5834
No solution
0.6071
0.2523
0.5513
0.5799
0.7475
0.4850
0.6731
0.6748
0.8211
0.4384
0.6872
0.9218
0.8396
0.7742
0.5517
0.4311
0.6131
0.9045
0.7871
0.6165
No solution
0.5975
0.8197
0.9008
0.9002
0.7410
0.9755
0.3967
0.6327
No solution
0.7181
0.7668
0.6839
0.7791
No solution
No solution
0.4663
0.8184
0.3739
No solution
0.4835
No solution
0.8742
No solution
0.7197
0.8891
0.8600
0.6802
0.9980
0.6026
0.3891
No solution
0.6350
0.5987
0.6803
0.6077
0.9400
0.3879
0.5361
0.7699
0.9031
0.9625
No solution
0.7294
0.4229
No solution
No solution
No solution
0.6198
0.6916
0.5535
0.5104
0.9334
0.7425
0.8682
0.7607
0.7692
0.3840
0.3655
0.9270
0.7129
No solution
0.2652
0.6562
0.5453
0.7534
0.8767
No solution
No solution
No solution
0.6967
0.6714
0.2333
0.6426
0.4826
0.9043
No solution
0.6029
0.8710
0.4233
0.9047
0.5904
0.9015
0.6800
0.7566
No solution
0.6510
No solution
0.6938
0.9451
0.7329
0.5031
0.7417
0.6581
0.5772
0.3512
0.8518
0.5916
0.6342
No solution
0.5526
0.6290
0.5581
0.7372
No solution
0.6469
0.9659
0.8079
0.3160
0.6496
0.9312
0.3059
0.9345
0.6883
0.6094
0.8314
0.4734
0.7645
0.6687
0.5638
0.5374
0.9830
0.7400
0.5641
0.7877
0.2818
0.4963
0.7707
0.4847
0.7520
0.7407
0.7153
No solution
0.5908
No solution
0.7939
0.5546
0.7834
0.9087
0.5844
0.4553
0.4491
0.6942
0.3223
No solution
0.7640
0.6512
0.8235
0.6984
No solution
0.8499
0.8752
0.8883
0.6698
0.6336
No solution
0.7923
0.9467
0.7744
0.5450
0.8061
0.7534
0.4070
0.4616
0.7323
0.7842
0.8932
0.9018
No solution
0.4451
0.8680
0.6111
0.7996
0.5259
0.8916
0.8485
0.4254
0.8575
0.9826
No solution
0.7223
0.3768
0.5214
0.4690
0.9240
0.8310
0.6883
0.8511
0.5882
No solution
0.4712
0.9299
0.2808
0.7632
0.5335
0.6775
No solution
0.7644
0.6481
0.2453
0.7349
0.7853
No solution
0.8824
0.7618
No solution
0.5848
0.7434
0.9864
0.7811
0.5093
0.6468
0.8348
0.6154
0.7328
0.7857
0.6713
0.7184
0.4865
0.2001
0.8639
0.9104
0.7600
0.8103
No solution
0.6086
0.5247
0.6302
No solution
0.7026
0.7624
0.9258
0.6852
0.7706
0.8523
0.8148
0.4532
0.5956
0.6903
0.6426
0.6562
0.6953
0.3833
0.7514
No solution
0.7810
0.4011
No solution
No solution
No solution
No solution
0.4690
0.7185
0.7408
0.9240
0.3325
0.5293
0.4833
0.5805
0.4136
0.6015
0.5324
0.6632
0.4363
0.4421
No solution
0.8698
No solution
0.6313
No solution
0.2879
0.6591
0.7098
No solution
0.5900
0.7362
No solution
0.6968
0.5082
0.6938
0.7505
0.6912
0.5113
0.4171
0.7076
0.5598
0.6627
No solution
0.5973
0.7205
0.8099
No solution
0.8622
0.4593
0.6816
No solution
0.8914
No solution
0.9747
0.3375
0.5682
0.7439
0.8647
0.6617
0.9162
0.6694
0.6273
0.5623
0.7943
0.5729
0.8186
No solution
0.6533
0.8068
0.9770
No solution
0.7520
0.8030
0.7692
0.6319
0.6354
0.9097
No solution
0.9116
No solution
0.4613
0.6870
0.9694
0.4063
0.3932
0.8679
0.0353
0.8043
0.5977
0.6875
No solution
0.8423
0.7916
0.7734
0.7943
0.7174
0.4259
0.8616
No solution
0.6188
0.4763
0.9762
0.8984
No solution
0.5848
0.5118
No solution
0.8470
0.8888
0.6065
0.7647
0.3612
0.4529
0.8079
0.7955
No solution
0.6571
0.8502
0.8009
0.7722
0.7785
0.4859
0.6579
0.7133
0.9650
0.4083
0.4177
0.9180
0.7164
0.4254
No solution
0.6255
0.7817
No solution
0.3046
0.6349
0.7184
No solution
0.8061
0.5260
0.9496
0.6968
0.6210
0.7482
0.9914
0.6759
0.8456
0.3548
0.7754
0.4801
0.6077
0.7915
0.4361
0.6702
0.9981
0.6081
0.7634
0.6571
